[char]
A 1
B 2
C 3
D 4
E 5
F 6
G 7
H 8
I 9
J 10
K 11
L 12
M 13
N 14
O 15
P 16
Q 17
R 18
S 19
T 20
U 21
V 22
W 23
X 24
Y 25
Z 26
0 27
1 28
2 29
3 30
4 31
5 32
6 33
7 34
8 35
9 36
Á 37 1
Č 40 3
Ď 40 4
É 37 5
Ě 40 5
Í 37 9
Ň 40 14
Ó 37 15
Ř 40 18
Š 40 19
Ú 37 21
Ů 42 21
Ť 40 20
Ý 37 25
Ž 40 26
Ä 41 1
Ö 41 15
Ü 41 21
Ñ 69 14
Ó 37 15
À 38 1
È 38 5
Ì 38 9
Ò 38 15
Ù 38 21
Â 39 1
Ê 39 5
Î 39 9
Ô 39 15
Û 39 21
Ã 42 1
Õ 42 15
" 43
' 44
Ç 45
? 46
¿ 47
! 48
¡ 49
. 50
: 51
, 52
; 53
/ 54
\ 55
* 56
# 57
% 58
- 59
+ 60
© 61
ß 62
( 63
) 64
= 65
® 66
™ 67
@ 68
[blank_char]
6,
[row]
69,
[height]
11,
[width]
6,6,6,6,6,6,6,6,2,6,6,6,7,6,6,6,6,6,6,6,6,6,7,6,6,6,6,4,6,6,6,6,6,6,6,6,6,6,6,6,6,6,5,2,6,6,6,2,2,2,2,2,2,5,5,8,8,7,4,4,9,6,3,3,4,8,9,8,6,
